384991
1090999
556448
426558
896746
248787
419699
531761
615352
220318
563734
682644
274259
955605
350464
331936
348521
826308
276951
237749
237307
574913
326652
309927
439870
1007358
403422
871755
233342
398521
429235
549225
943774
388172
955399
538214
324717
583345
238222
32274
455585
351264
900435
855153
533382
351725
363569
790626
499980
967871
658587
897116
570073
622967
291874
582327
422301
618298
535489
412082
563928
254794
903894
949719
945479
245755
497637
421850
